z,zrel,lam1,lam2,lam3
-117.14,0.9020568561872909,0.6545699202277637,0.1974607689428543,0.14796931082938183
-120.98,0.8988461538461539,0.5489822077825579,0.2763468901963398,0.17467090202110225
-127.55,0.8933528428093646,0.517263781092477,0.266250055627168,0.21648616328035475
-133.29,0.8885535117056856,0.6285886109146073,0.20153641237837477,0.1698749767070178
-138.14,0.8844983277591973,0.6396031764912243,0.21132175404149894,0.1490750694672765
-143.7,0.8798494983277592,0.6049492172353214,0.23127219119404513,0.16377859157063365
-149.67,0.8748578595317726,0.520488483317209,0.24876202431351907,0.23074949236927178
-154.55,0.8707775919732441,0.6272080120811783,0.19852909296508123,0.17426289495374025
-158.5,0.8674749163879598,0.547695864126657,0.2684174775183181,0.1838866583550248
-164.42,0.8625250836120402,0.6130686207075702,0.22312476922065755,0.16380661007177227
-169.35,0.8584030100334448,0.5233002168143367,0.2718528881668778,0.2048468950187854
-175.35,0.8533862876254181,0.5881622729250502,0.22803511621433922,0.18380261086061062
-179.26,0.8501170568561873,0.6902733840445517,0.16963788755517487,0.14008872840027314
-184.22,0.8459698996655518,0.5244410041981318,0.27882236348629036,0.19673663231557773
-189.14,0.8418561872909699,0.62453187591372,0.19465309698178834,0.1808150271044915
-193.93,0.8378511705685618,0.6161830762810167,0.20680724428036218,0.17700967943862114
-198.76,0.8338127090301004,0.6014107252312245,0.21313507013799737,0.18545420463077805
-204.75,0.8288043478260869,0.6380183752577517,0.20133202036486686,0.16064960437738127
-209.61,0.8247408026755852,0.6905415380208447,0.19078239828895013,0.118676063690205
-214.34,0.8207859531772576,0.6462548624260337,0.20336897376639387,0.15037616380757235
-219.26,0.8166722408026756,0.666303929965494,0.21571118635791062,0.1179848836765952
-225.15,0.811747491638796,0.659502115258916,0.19584814314261392,0.14464974159847005
-230.97,0.80688127090301,0.6042669493778621,0.26331392418853483,0.13241912643360312
-235.92,0.802742474916388,0.7200139947712028,0.16581349592688302,0.11417250930191426
-241.8,0.7978260869565217,0.7251191653083897,0.16531401355475767,0.10956682113685251
-246.74,0.793695652173913,0.5998670569149387,0.20181981301091823,0.19831313007414297
-250.69,0.7903929765886287,0.7015966225851245,0.17027339851804515,0.12812997889683014
-256.65,0.7854096989966555,0.7354477095626517,0.15515206217651523,0.10940022826083308
-262.57,0.7804598662207358,0.5768991616483077,0.22766662914965985,0.19543420920203242
-267.53,0.7763127090301003,0.7208981150317184,0.14854303556549234,0.130558849402789
-272.53,0.7721321070234114,0.7193816208484616,0.16197783064684232,0.11864054850469594
-278.52,0.767123745819398,0.6507193299573087,0.18898934540177373,0.16029132464091736
-284.45,0.7621655518394649,0.5912348308696149,0.21587143664264352,0.1928937324877413
-290.34,0.7572408026755852,0.7382812630304649,0.13161320235790192,0.13010553461163316
-296.3,0.7522575250836121,0.712549499770287,0.16542376029880462,0.1220267399309083
-300.27,0.748938127090301,0.6887091942740726,0.19344551766951965,0.11784528805640757
-302.26,0.7472742474916387,0.7932139370834561,0.11991858576713903,0.08686747714940479
-304.24,0.74561872909699,0.649342450476317,0.20905428182602298,0.14160326769765993
-307.22,0.7431270903010033,0.7346838640798535,0.16608428597622363,0.09923184994392269
-313.04,0.7382608695652173,0.6828013472573472,0.18847179252120266,0.12872686022144988
-318.02,0.7340969899665553,0.6758055214861459,0.19885848814728033,0.12533599036657364
-323.0,0.729933110367893,0.7024327021642814,0.15615410684996578,0.14141319098575258
-326.92,0.7266555183946488,0.691522790724188,0.17184785614868736,0.13662935312712451
-331.64,0.7227090301003345,0.7150427573174597,0.15052768968146568,0.13442955300107437
-337.6,0.7177257525083611,0.7246192970511404,0.14949030472945946,0.1258903982194
-343.5,0.7127926421404682,0.6671619318457822,0.17284387663018788,0.15999419152402966
-348.17,0.7088879598662208,0.6651132130953146,0.18947100720333965,0.14541577970134556
-355.04,0.7031438127090301,0.6997917903329571,0.17115454787908949,0.12905366178795352
-357.84,0.7008026755852843,0.6784203199267147,0.2065534433785261,0.1150262366947591
-360.75,0.6983695652173914,0.7993636699054726,0.12374038291965299,0.07689594717487443
-365.67,0.6942558528428093,0.6260144938540871,0.2068884970712632,0.1670970090746496
-371.54,0.6893478260869565,0.7525952664988984,0.1479349438580664,0.09946978964303514
-376.49,0.6852090301003344,0.653595072895234,0.198882159798091,0.147522767306675
-381.4,0.681103678929766,0.7360478068915202,0.14845311057681923,0.11549908253166044
-385.34,0.677809364548495,0.7428095068235885,0.14044958726794124,0.1167409059084701
-390.2,0.6737458193979933,0.754242751969951,0.13436408541275047,0.11139316261729833
-396.02,0.6688795986622074,0.7558910384985369,0.13768883690507483,0.1064201245963882
-405.7,0.6607859531772575,0.7820349508809792,0.11696922325817025,0.10099582586085062
-417.38,0.6510200668896321,0.742153546560446,0.13747872967788483,0.12036772376166904
-424.07,0.6454264214046823,0.8187982328367647,0.10542546285073572,0.07577630431249953
-430.61,0.639958193979933,0.7208818741642187,0.19453850836840644,0.08457961746737469
-441.27,0.6310451505016723,0.7986273283311798,0.12613976053766787,0.07523291113115238
-447.17,0.6261120401337792,0.772014001334334,0.12270031507305655,0.10528568359260954
-455.78,0.6189130434782608,0.7594990526109775,0.12423331716849587,0.11626763022052665
-462.55,0.6132525083612039,0.7105134303388675,0.1649599112617865,0.12452665839934597
-469.22,0.6076755852842809,0.7645973910560572,0.14177644359057087,0.09362616535337177
-475.12,0.6027424749163879,0.7526084746241689,0.15182255445286083,0.09556897092297029
-481.73,0.5972157190635452,0.7635465670765,0.12258225260029113,0.11387118032320884
-488.62,0.5914548494983278,0.7986450938763375,0.11340203938632187,0.0879528667373404
-495.47,0.5857274247491638,0.8210572180400334,0.10493163641234331,0.07401114554762318
-503.28,0.5791973244147157,0.7256007967122722,0.15666215626714067,0.117737047020587
-511.11,0.5726505016722407,0.7730440132810129,0.12646809499930528,0.10048789171968177
-517.92,0.5669565217391305,0.7639951553163697,0.14400708164183876,0.09199776304179144
-525.65,0.5604933110367893,0.8529556185518217,0.08842161914201285,0.058622762306165505
-532.44,0.5548160535117057,0.7619967282608152,0.14295315538629905,0.09505011635288572
-535.36,0.5523745819397994,0.8100383784879999,0.11644388863609889,0.07351773287590103
-542.18,0.5466722408026756,0.7971388778916899,0.1230877386214005,0.07977338348690942
-549.95,0.5401755852842809,0.8546741894192214,0.08535086437299073,0.05997494620778783
-551.83,0.5386036789297659,0.8362377738501301,0.09840705022811368,0.06535517592175619
-553.77,0.5369816053511706,0.8894484901461787,0.07369688342200852,0.03685462643181262
-553.88,0.5368896321070233,0.8303936509905706,0.10100065296483632,0.06860569604459292
-556.82,0.5344314381270903,0.8306667455093759,0.10293387059812226,0.06639938389250188
-561.92,0.5301672240802676,0.7798925571032513,0.13572448380768395,0.08438295908906461
-566.7,0.5261705685618729,0.8163783530385338,0.09657115066673391,0.08705049629473235
-570.48,0.523010033444816,0.7149308662214469,0.1596103949781773,0.12545873880037556
-575.17,0.5190886287625418,0.8110362219487355,0.1119075578664884,0.07705622018477591
-577.11,0.5174665551839465,0.818681249816996,0.11051800195730041,0.0708007482257037
-581.94,0.5134280936454849,0.844844856982876,0.09219319443976697,0.06296194857735697
-589.39,0.5071989966555184,0.8376953902127197,0.08854227415132934,0.07376233563595104
-593.28,0.5039464882943143,0.8237323773834666,0.10447586143087871,0.07179176118565463
-600.85,0.4976170568561873,0.8510228037407229,0.08685571315778365,0.06212148310149339
-606.51,0.49288461538461537,0.7173412066720193,0.1729103914666986,0.10974840186128186
-613.465,0.48706939799331106,0.7860572699432403,0.12444568771477114,0.08949704234198842
-618.575,0.48279682274247493,0.8932359540319992,0.06662057553729142,0.04014347043070926
-624.525,0.47782190635451505,0.8081950049532529,0.09871315047037173,0.09309184457637525
-633.695,0.4701546822742475,0.8903751954487087,0.05833716846596432,0.05128763608532692
-641.015,0.4640342809364548,0.792768707023757,0.11743843386594217,0.08979285911030084
-647.405,0.4586914715719064,0.8498158972639802,0.10551896280652688,0.04466513992949272
-661.635,0.44679347826086957,0.8995813398677996,0.05950071975093811,0.04091794038126228
-666.48,0.44274247491638796,0.8919113444286461,0.05802562155383163,0.050063034017522115
-671.3,0.4387123745819398,0.8801591083824924,0.07419875025996744,0.04564214135753991
-677.98,0.4331270903010034,0.7815651985573941,0.1292472470011515,0.08918755444145424
-687.013,0.425574414715719,0.9136690399095797,0.06345501239680705,0.02287594769361326
-693.518,0.42013545150501674,0.8810381086657555,0.07102126632856327,0.047940625005681047
-698.903,0.4156329431438127,0.9369588298604812,0.03410616549344277,0.028935004646075964
-708.423,0.40767307692307697,0.9253545754260895,0.04378079005516931,0.03086463451874106
-715.943,0.4013854515050167,0.881544235377696,0.0795452813732193,0.03891048324908477
-723.483,0.3950811036789298,0.8942658614630938,0.06672774843075345,0.03900639010615274
-733.083,0.38705434782608694,0.8832335330371915,0.08270005564529023,0.03406641131751801
-741.993,0.37960451505016723,0.8938269246963721,0.06062379195726172,0.045549283346366085
-749.553,0.37328344481605347,0.8986428357287615,0.0655439342998159,0.03581322997142246
-753.443,0.3700309364548495,0.888245252731966,0.06992485238960654,0.04182989487842751
-759.173,0.365239966555184,0.9035335892452505,0.053719472064711025,0.042746938690038316
-768.853,0.35714632107023414,0.9307101335169381,0.04284969816554325,0.026440168317518595
-780.353,0.34753093645484956,0.8100698225189202,0.12356526413016274,0.06636491335091693
-788.023,0.34111789297658857,0.7623897982457375,0.1473616132081421,0.09024858854612032
-795.573,0.3348051839464883,0.8964529477215191,0.07650524810857348,0.02704180416990746
-803.083,0.3285259197324415,0.9162177814344277,0.05712616647846802,0.02665605208710438
-812.593,0.3205744147157191,0.9110221926018942,0.05212732906231249,0.03685047833579324
-818.083,0.31598411371237456,0.870683623833562,0.06862276807140492,0.060693608095032915
-825.333,0.3099222408026756,0.9166562218005864,0.06668438474807267,0.016659393451340865
-831.113,0.3050894648829431,0.8838359192559483,0.06512974019686256,0.05103434054718912
-836.863,0.3002817725752508,0.9406199226934506,0.04019012991371618,0.019189947392833098
-839.753,0.2978653846153846,0.8943022752736771,0.06468564659758262,0.04101207812874019
-845.863,0.2927566889632106,0.889711508229829,0.06853625407613897,0.04175223769403178
-851.573,0.2879824414715719,0.9153496354978812,0.06226959859220827,0.02238076590991051
-859.273,0.2815443143812709,0.933283860333401,0.03865833759505075,0.02805780207154814
-868.983,0.27342558528428096,0.8159113547361881,0.13194804130272852,0.05214060396108325
-876.623,0.2670376254180602,0.9079102361618131,0.06410671800958215,0.027983045828604548
-882.453,0.2621630434782609,0.7614407272236245,0.15944656151057804,0.07911271126579743
-886.293,0.25895234113712373,0.94149544818685,0.03329738003768881,0.025207171775461102
-891.803,0.25434531772575253,0.9178615155279805,0.055134991046847805,0.02700349342517162
-896.503,0.25041555183946484,0.89961323215769,0.07636608514659844,0.024020682695711594
-903.598,0.2444832775919733,0.8693107515506479,0.08781763896291646,0.042871609486435466
-909.288,0.23972575250836115,0.9390105760119725,0.04290760264214148,0.018081821345886036
-917.018,0.23326254180602002,0.9235588755091904,0.05738146509426687,0.019059659396542607
-924.382,0.22710535117056863,0.9490616887197091,0.033659806032810546,0.017278505247480137
-929.982,0.22242307692307695,0.9259558747902771,0.048168476461849796,0.025875648747872973
-935.892,0.21748160535117056,0.8671626228957114,0.08729494721022418,0.04554242989406439
-939.707,0.21429180602006692,0.8875894375045614,0.07329446827205746,0.039116094223381276
-945.232,0.20967224080267566,0.9088235849055559,0.052437298054135356,0.03873911704030868
-951.032,0.20482274247491639,0.9385699379797046,0.03989378796600039,0.021536274054294896
-956.682,0.20009866220735784,0.9368361117915626,0.03539415507388495,0.02776973313455222
-963.292,0.19457190635451505,0.9421827126529834,0.03538891425840961,0.022428373088606977
-967.872,0.19074247491638796,0.9297177702277084,0.04427064623665995,0.026011583535631447
-974.402,0.18528260869565216,0.9400373526964347,0.03737990771953381,0.022582739584031418
-980.977,0.17978511705685618,0.9422984121980547,0.038848223728651765,0.018853364073293414
-986.517,0.17515301003344474,0.8942261245799736,0.06403461298145142,0.04173926243857476
-991.337,0.17112290969899668,0.8720255352514177,0.08850628235041827,0.039468182398164076
-997.837,0.165688127090301,0.9362896572000092,0.03623430770755564,0.027476035092435163
-1003.35,0.16107859531772573,0.8668610029475317,0.09958706621649158,0.03355193083597679
-1009.32,0.1560869565217391,0.8935751069986886,0.06180598402922336,0.044618908972087964
-1014.88,0.15143812709030102,0.8882569782886583,0.0811280979451717,0.030614923766169873
-1021.43,0.14596153846153848,0.8665118960003779,0.10759258354015913,0.025895520459462976
-1026.22,0.14195652173913043,0.8863424743488793,0.08257152505294965,0.03108600059817093
-1033.9,0.13553511705685606,0.8815418861946616,0.09944810247649301,0.019010011328845354
-1039.65,0.13072742474916377,0.8785102473647901,0.10453275449704814,0.016956998138161605
-1045.35,0.12596153846153857,0.8901508475689464,0.08106829958475043,0.028780852846303124
-1051.13,0.12112876254180593,0.8400230069066429,0.12029336818970277,0.039683624903654305
-1058.91,0.11462374581939794,0.8155451548765285,0.15261606418103688,0.03183878094243451
-1064.68,0.1097993311036789,0.8548197480545561,0.1218737873312429,0.0233064646142009
-1070.52,0.10491638795986624,0.8588564261557856,0.11696727549360887,0.024176298350605255
-1077.94,0.09871237458193971,0.8032903003233008,0.1576783260055188,0.03903137367118033
-1083.64,0.09394648829431429,0.8578476027376652,0.08730873934140645,0.0548436579209283
-1089.51,0.08903846153846151,0.8194580190856366,0.11207936645652515,0.06846261445783795
-1095.15,0.08432274247491633,0.7719905786337575,0.16347925697218735,0.06453016439405514
-1099.0,0.08110367892976589,0.8359522241011447,0.10005886758022242,0.06398890831863294
-1104.63,0.07639632107023397,0.8278548762029566,0.1113781307985526,0.060766992998490706
-1110.67,0.07134615384615384,0.7104171211075817,0.22371652185618604,0.06586635703623232
-1116.47,0.06649665551839468,0.8281020443624483,0.1052329604313273,0.06666499520622438
-1122.39,0.061546822742474805,0.725730049366702,0.18063434679877877,0.09363560383451919
-1128.43,0.056496655518394556,0.7826896901630565,0.17031632935611477,0.046993980480828965
-1134.02,0.05182274247491636,0.9042291320899606,0.05710576561106934,0.038665102298969904
-1139.77,0.04701505016722407,0.85718808893571,0.08815687754943924,0.054655033514850807
-1143.58,0.04382943143812712,0.7799900762274941,0.16738995178344107,0.05261997198906488
-1149.6,0.03879598662207362,0.8160477168278352,0.12714467950583605,0.056807603666328775
-1155.16,0.034147157190635435,0.7317074865059439,0.19145676547553095,0.07683574801852525
-1160.9,0.029347826086956408,0.7895329767506492,0.11241587694493588,0.09805114630441493
-1172.03,0.020041806020066888,0.8239211835019464,0.09904215371478073,0.0770366627832727
-1177.63,0.015359531772575208,0.7377066861858632,0.15483022611314606,0.10746308770099061
-1182.39,0.01137959866220728,0.8427021684924692,0.10412673264799063,0.053171098859540133
-1191.7,0.0035953177257525004,0.7999357400892264,0.1802286436643181,0.019835616246455336
-1195.24,0.0006354515050167597,0.8030126778858495,0.14625486940593965,0.05073245270821087
-1195.85,0.00012541806020072155,0.9095189881414517,0.05687834937792275,0.03360266248062549
