z,zrel,lam1,lam2,lam3
165.0,0.946515397082658,0.542511,0.239361,0.218128
220.1,0.9286547811993517,0.49079,0.259344,0.249866
275.55,0.9106807131280389,0.510211,0.273037,0.216752
330.1,0.892998379254457,0.541683,0.240893,0.217424
385.0,0.8752025931928687,0.558658,0.243169,0.198172
440.1,0.8573419773095624,0.502884,0.2773,0.219816
495.65,0.8393354943273906,0.50091,0.282489,0.216602
550.1,0.8216855753646677,0.577909,0.225756,0.196336
605.04,0.8038768233387359,0.585998,0.234163,0.179839
659.45,0.7862398703403566,0.575687,0.239221,0.185092
713.71,0.7686515397082658,0.583041,0.218811,0.198148
770.0,0.7504051863857375,0.647632,0.191913,0.160455
805.75,0.7388168557536468,0.690439,0.170344,0.139217
825.92,0.7322787682333873,0.621456,0.201036,0.177508
861.3,0.720810372771475,0.600269,0.264664,0.135067
880.65,0.7145380875202594,0.624967,0.239478,0.135555
924.0,0.7004862236628849,0.693813,0.164807,0.14138
970.75,0.6853322528363047,0.631344,0.221772,0.146884
1036.2,0.6641166936790923,0.638587,0.208795,0.152618
1082.4,0.6491410048622366,0.654401,0.227057,0.118543
1146.2,0.6284602917341977,0.67163,0.209959,0.118411
1192.95,0.6133063209076175,0.705769,0.194786,0.099445
1244.65,0.596547811993517,0.690341,0.178415,0.131245
1301.3,0.5781847649918963,0.467659,0.309885,0.222456
1308.45,0.5758670988654782,0.724772,0.177694,0.097535
1319.45,0.5723014586709887,0.671518,0.202636,0.125845
1328.25,0.5694489465153971,0.710333,0.204802,0.084864
1335.95,0.5669529983792545,0.637959,0.259278,0.102763
1341.45,0.5651701782820098,0.727395,0.175975,0.096629
1352.45,0.5616045380875203,0.624825,0.259971,0.115204
1359.79,0.5592252836304701,0.544374,0.314171,0.141454
1368.05,0.556547811993517,0.677429,0.198717,0.123855
1374.45,0.5544732576985414,0.6469,0.229799,0.1233
1385.45,0.5509076175040519,0.683299,0.197368,0.119334
1396.45,0.5473419773095625,0.730838,0.177379,0.091783
1405.25,0.5444894651539709,0.687209,0.223037,0.089754
1410.75,0.5427066450567262,0.696885,0.223343,0.079772
1415.15,0.5412803889789303,0.692133,0.240083,0.067784
1422.3,0.5389627228525122,0.721254,0.200379,0.078368
1429.45,0.536645056726094,0.661557,0.233343,0.1051
1434.4,0.5350405186385737,0.66944,0.229069,0.101491
1440.45,0.5330794165316045,0.706957,0.202823,0.09022
1451.45,0.529513776337115,0.700251,0.212559,0.08719
1455.85,0.5280875202593194,0.6737,0.226908,0.099392
1458.05,0.5273743922204215,0.664773,0.245453,0.089775
1460.8,0.5264829821717991,0.659943,0.252724,0.087333
1466.3,0.5247001620745544,0.712273,0.202331,0.085396
1469.6,0.5236304700162075,0.760312,0.17707,0.062618
1480.05,0.5202431118314425,0.638053,0.256606,0.105341
1488.85,0.517390599675851,0.660289,0.240556,0.099155
1492.15,0.516320907617504,0.651239,0.260029,0.088732
1495.45,0.5152512155591572,0.685217,0.236968,0.077816
1500.95,0.5134683954619125,0.721133,0.211632,0.067234
1503.7,0.5125769854132901,0.703638,0.2109,0.085462
1506.45,0.5116855753646677,0.724008,0.201218,0.074774
1511.95,0.509902755267423,0.699216,0.22646,0.074325
1517.45,0.5081199351701783,0.7062,0.229064,0.064736
1521.85,0.5066936790923825,0.744424,0.20238,0.053196
1526.25,0.5052674230145867,0.708749,0.207987,0.083264
1530.65,0.5038411669367908,0.696641,0.235245,0.068113
1537.8,0.5015235008103728,0.711223,0.20701,0.081767
1543.85,0.4995623987034036,0.746072,0.197609,0.056319
1553.2,0.49653160453808753,0.709015,0.23318,0.057805
1557.6,0.49510534846029175,0.694249,0.225949,0.079802
1560.35,0.4942139384116694,0.718207,0.205153,0.07664
1563.1,0.493322528363047,0.705238,0.225093,0.069669
1568.6,0.4915397082658023,0.767243,0.173778,0.058979
1574.1,0.48975688816855756,0.770116,0.174589,0.055295
1583.45,0.4867260940032415,0.684689,0.230424,0.084887
1594.45,0.48316045380875206,0.766948,0.186279,0.046773
1597.75,0.4820907617504052,0.696892,0.23539,0.067719
1601.6,0.4808427876823339,0.7427,0.182203,0.075097
1607.1,0.4790599675850892,0.723966,0.213408,0.062626
1616.45,0.47602917341977313,0.754872,0.189401,0.055727
1625.25,0.47317666126418156,0.715884,0.228158,0.055958
1626.9,0.47264181523500803,0.742862,0.202729,0.054409
1634.6,0.4701458670988655,0.698514,0.242563,0.058922
1640.1,0.4683630470016208,0.775995,0.180796,0.04321
1649.45,0.46533225283630464,0.786986,0.149457,0.063557
1659.9,0.46194489465153965,0.701538,0.241911,0.056551
1682.45,0.45463533225283626,0.767168,0.175825,0.057007
1690.7,0.45196110210696916,0.698094,0.250524,0.051382
1700.25,0.44886547811993516,0.745891,0.207902,0.046207
1710.88,0.44541977309562397,0.743878,0.211293,0.04483
1723.53,0.4413192868719611,0.76596,0.184922,0.049119
1731.23,0.43882333873581847,0.73861,0.217137,0.044253
1741.13,0.43561426256077795,0.784033,0.178405,0.037562
1746.08,0.4340097244732577,0.665588,0.273051,0.061361
1749.0,0.433063209076175,0.725502,0.232823,0.041675
1763.13,0.42848298217179903,0.763501,0.19559,0.040909
1766.98,0.4272350081037277,0.68718,0.269033,0.043787
1775.05,0.4246191247974068,0.68944,0.262053,0.048507
1780.18,0.42295623987034037,0.7695,0.179596,0.050904
1785.13,0.4213517017828201,0.764828,0.188979,0.046194
1793.2,0.4187358184764992,0.679781,0.265575,0.054644
1797.05,0.4174878444084279,0.751155,0.209325,0.039521
1799.98,0.41653808752025934,0.758145,0.210144,0.031711
1801.25,0.4161264181523501,0.800242,0.157776,0.041982
1809.88,0.4133290113452187,0.785491,0.178078,0.036432
1818.13,0.4106547811993516,0.772197,0.181948,0.045855
1830.05,0.4067909238249595,0.745262,0.216264,0.038474
1838.48,0.4040583468395462,0.676802,0.283605,0.039593
1845.63,0.40174068071312796,0.75255,0.202345,0.045105
1849.48,0.40049270664505676,0.722118,0.234871,0.043012
1860.1,0.39705024311183146,0.765348,0.201588,0.033064
1860.48,0.3969270664505673,0.708233,0.258083,0.033684
1864.33,0.395679092382496,0.724451,0.239917,0.035632
1867.63,0.39460940032414904,0.722854,0.229717,0.047429
1867.8,0.39455429497568884,0.79136,0.178366,0.030274
1873.3,0.3927714748784441,0.777052,0.181035,0.041913
1874.78,0.392291734197731,0.803347,0.168583,0.02807
1875.5,0.3920583468395462,0.693882,0.25068,0.055439
1886.33,0.38854781199351707,0.727934,0.237732,0.034334
1886.88,0.3883695299837925,0.711017,0.248288,0.040695
1888.7,0.38777957860615886,0.778701,0.195576,0.025723
1891.83,0.38676499189627234,0.763222,0.204325,0.032453
1896.23,0.38533873581847644,0.735404,0.23543,0.029166
1901.9,0.3835008103727714,0.771707,0.199403,0.02889
1907.23,0.381773095623987,0.774905,0.195869,0.029225
1917.13,0.37856401944894646,0.729958,0.237398,0.032644
1923.18,0.37660291734197726,0.762838,0.202152,0.035009
1933.63,0.3732155591572123,0.712757,0.245215,0.042028
1938.2,0.3717341977309562,0.7498,0.215927,0.034273
1942.43,0.3703630470016207,0.748064,0.221422,0.030513
1949.58,0.36804538087520267,0.764127,0.204394,0.031479
1950.3,0.3678119935170179,0.737475,0.225737,0.036788
1956.0,0.3659643435980551,0.689516,0.276825,0.033658
1957.45,0.3654943273905996,0.749401,0.214632,0.035967
1960.03,0.36465802269043757,0.77936,0.184167,0.036473
1969.93,0.36144894651539705,0.76369,0.211173,0.025137
1972.85,0.3605024311183145,0.708976,0.247337,0.043687
1976.16,0.35942949756888165,0.75827,0.209193,0.032537
1977.08,0.3591312803889789,0.708055,0.254975,0.03697
1979.83,0.35823987034035654,0.780337,0.185288,0.034375
1983.13,0.3571701782820097,0.764917,0.20737,0.027713
1988.25,0.3555105348460291,0.788344,0.187402,0.024253
1993.21,0.353902755267423,0.786232,0.188286,0.025482
1994.13,0.35360453808752024,0.753337,0.217824,0.028839
1998.35,0.35223662884927065,0.69062,0.268696,0.040684
2006.05,0.349740680713128,0.76711,0.208162,0.024728
2006.4,0.3496272285251215,0.743541,0.225616,0.030842
2013.2,0.3474230145867099,0.771882,0.201909,0.026209
2014.3,0.34706645056726093,0.710082,0.260324,0.029594
2015.75,0.34659643435980547,0.775608,0.196616,0.027775
2016.68,0.34629497568881684,0.816291,0.149773,0.033936
2017.6,0.3459967585089141,0.729442,0.232819,0.037739
2023.1,0.34421393841166936,0.765247,0.203899,0.030854
2029.15,0.34225283630470016,0.74077,0.22908,0.030149
2039.05,0.33904376012965964,0.766944,0.207422,0.025634
2039.95,0.33875202593192866,0.699241,0.268821,0.031938
2050.05,0.33547811993517007,0.772771,0.199505,0.027724
2060.13,0.33221069692058347,0.789101,0.184316,0.026583
2067.45,0.3298379254457051,0.759162,0.206645,0.034193
2073.88,0.32775364667747164,0.753928,0.217378,0.028694
2087.08,0.3234748784440843,0.801313,0.169297,0.02939
2089.45,0.3227066450567262,0.741912,0.217364,0.040723
2096.98,0.3202658022690438,0.746432,0.225041,0.028527
2096.98,0.3202658022690438,0.746432,0.225041,0.028527
2099.73,0.3193743922204214,0.766706,0.20797,0.025324
2103.4,0.3181847649918963,0.767035,0.206673,0.026292
2107.8,0.3167585089141004,0.804816,0.167435,0.027749
2109.25,0.31628849270664505,0.822417,0.155384,0.022199
2113.3,0.31497568881685567,0.786602,0.191165,0.022233
2117.7,0.31354943273906,0.731751,0.240728,0.027521
2121.0,0.31247974068071316,0.78748,0.183726,0.028793
2123.55,0.31165316045380864,0.791502,0.183497,0.025
2127.6,0.3103403565640195,0.773333,0.199948,0.026719
2129.05,0.3098703403565639,0.789617,0.185938,0.024445
2138.05,0.3069529983792544,0.761415,0.219992,0.018593
2144.65,0.3048136142625607,0.751914,0.22264,0.025445
2149.05,0.3033873581847649,0.789644,0.185144,0.025213
2150.5,0.3029173419773096,0.769537,0.197257,0.033206
2156.75,0.3008914100486224,0.794059,0.182054,0.023887
2162.05,0.29917341977309553,0.799173,0.17698,0.023847
2162.25,0.2991085899513777,0.795916,0.179048,0.025036
2169.4,0.2967909238249594,0.798825,0.177062,0.024112
2174.9,0.2950081037277147,0.817061,0.161937,0.021002
2176.0,0.29465153970826585,0.766174,0.200928,0.032898
2177.1,0.2942949756888169,0.80781,0.170938,0.021252
2182.05,0.29269043760129654,0.76638,0.215792,0.017828
2193.05,0.2891247974068071,0.811498,0.170772,0.01773
2199.45,0.28705024311183147,0.820629,0.151222,0.02815
2215.05,0.28199351701782815,0.789639,0.188442,0.021918
2221.45,0.27991896272285255,0.813997,0.166224,0.01978
2227.15,0.27807131280388975,0.809603,0.170149,0.020248
2229.9,0.2771799027552674,0.7583,0.215729,0.025971
2231.35,0.27670988654781203,0.808606,0.166998,0.024395
2238.15,0.2745056726094003,0.8441,0.130169,0.025731
2244.75,0.2723662884927066,0.806366,0.172546,0.021088
2248.05,0.27129659643435977,0.806808,0.169843,0.023348
2255.75,0.26880064829821715,0.788738,0.190824,0.020438
2260.15,0.26737439222042136,0.824313,0.158437,0.01725
2265.1,0.2657698541329012,0.834977,0.151209,0.013813
2266.37,0.26535818476499196,0.785598,0.195022,0.019381
2281.05,0.2605996758508914,0.840454,0.136278,0.023268
2292.05,0.2570340356564019,0.816893,0.163481,0.019626
2298.45,0.2549594813614263,0.813356,0.164949,0.021695
2300.3,0.25435980551053483,0.813846,0.165136,0.021017
2314.05,0.249902755267423,0.783768,0.188554,0.027677
2325.05,0.24633711507293354,0.853356,0.135639,0.011005
2336.05,0.24277147487844397,0.848062,0.134559,0.017378
2339.7,0.24158833063209084,0.822536,0.160739,0.016725
2347.05,0.2392058346839545,0.872746,0.110933,0.016321
2350.35,0.23813614262560778,0.845833,0.132789,0.021378
2350.7,0.23802269043760138,0.821871,0.154021,0.024108
2352.35,0.23748784440842796,0.82989,0.15033,0.01978
2358.05,0.23564019448946505,0.903209,0.083419,0.013372
2358.6,0.2354619124797407,0.856529,0.129087,0.014384
2360.25,0.23492706645056727,0.866409,0.115622,0.01797
2362.45,0.23421393841166938,0.840682,0.134302,0.025016
2364.1,0.23367909238249596,0.847518,0.135211,0.017272
2369.05,0.2320745542949756,0.860161,0.125028,0.014811
2371.25,0.2313614262560778,0.838917,0.141209,0.019874
2375.65,0.22993517017828202,0.870014,0.112063,0.017922
2380.05,0.22850891410048613,0.820178,0.160166,0.019656
2383.9,0.22726094003241493,0.819825,0.161014,0.019161
2388.3,0.22583468395461903,0.821878,0.158732,0.01939
2395.45,0.223517017828201,0.837789,0.144113,0.018098
2396.35,0.22322528363047,0.818031,0.153232,0.028737
2399.3,0.22226904376012957,0.867257,0.115226,0.017518
2405.35,0.22030794165316048,0.876377,0.10758,0.016043
2407.0,0.21977309562398706,0.86025,0.116203,0.023547
2409.2,0.21905996758508917,0.877687,0.100577,0.021736
2411.4,0.21834683954619127,0.85758,0.125474,0.016946
2415.8,0.21692058346839538,0.885583,0.097966,0.016451
2418.0,0.2162074554294976,0.828526,0.149168,0.022306
2418.73,0.21597082658022693,0.891392,0.088715,0.019893
2420.38,0.2154359805510534,0.856039,0.120573,0.023388
2422.58,0.21472285251215562,0.851971,0.122213,0.025816
2426.98,0.21329659643435983,0.879489,0.094257,0.026255
2437.98,0.20973095623987037,0.825133,0.145336,0.029531
2445.13,0.2074132901134521,0.886401,0.089776,0.023823
2450.25,0.20575364667747165,0.803307,0.152227,0.044466
2456.13,0.20384764991896265,0.802864,0.152521,0.044615
2465.48,0.20081685575364672,0.881739,0.10093,0.01733
2466.03,0.20063857374392213,0.834248,0.126914,0.038838
2468.78,0.19974716369529977,0.87381,0.091999,0.034191
2470.43,0.19921231766612646,0.855512,0.106108,0.03838
2474.28,0.19796434359805504,0.885886,0.089777,0.024337
2478.13,0.19671636952998373,0.90341,0.071013,0.025577
2479.05,0.19641815235008098,0.840454,0.128991,0.030555
2485.1,0.19445705024311188,0.892017,0.077284,0.030699
2493.9,0.1916045380875202,0.892557,0.083715,0.023728
2500.3,0.1895299837925445,0.828022,0.136164,0.035814
2502.15,0.1889303079416531,0.909291,0.068815,0.021893
2508.75,0.18679092382495943,0.907628,0.071285,0.021087
2509.85,0.1864343598055106,0.923539,0.053219,0.023243
2510.4,0.186256077795786,0.921635,0.053897,0.024468
2512.6,0.18554294975688823,0.897498,0.080711,0.021791
2514.25,0.1850081037277147,0.893222,0.083115,0.023664
2519.75,0.18322528363046997,0.912289,0.0662,0.021511
2524.88,0.18156239870340352,0.917173,0.059589,0.023238
2525.8,0.18126418152350077,0.865175,0.108603,0.026221
2533.13,0.17888816855753642,0.93634,0.045846,0.017814
2536.42,0.17782171799027546,0.940986,0.043164,0.01585
2539.73,0.17674878444084274,0.823749,0.121046,0.055206
2542.65,0.17580226904376006,0.828237,0.104058,0.067706
2544.13,0.17532252836304696,0.875427,0.078352,0.046222
2549.63,0.17353970826580223,0.862095,0.097519,0.040386
2555.13,0.1717568881685575,0.90136,0.067732,0.030908
2566.13,0.16819124797406804,0.933669,0.046315,0.020015
2577.85,0.1643922204213939,0.945797,0.034929,0.019274
2583.18,0.16266450567260948,0.915496,0.05633,0.028173
2584.45,0.16225283630470022,0.857602,0.101616,0.040781
2587.2,0.16136142625607786,0.872321,0.09368,0.033998
2589.4,0.16064829821717985,0.930439,0.040028,0.029533
2591.05,0.16011345218800643,0.900799,0.074996,0.024206
2593.8,0.15922204213938407,0.873744,0.088824,0.037432
2598.2,0.1577957860615884,0.945952,0.039299,0.014748
2606.45,0.1551215559157213,0.92879,0.046545,0.024665
2610.85,0.15369529983792551,0.915547,0.055092,0.029361
2621.85,0.15012965964343605,0.942287,0.038265,0.019448
2632.85,0.1465640194489466,0.960156,0.020844,0.019001
2640.55,0.14406807131280386,0.904414,0.067471,0.028115
2643.3,0.1431766612641815,0.942427,0.040897,0.016676
2654.85,0.13943273905996767,0.912874,0.066251,0.020875
2663.65,0.136580226904376,0.942084,0.044146,0.01377
2668.05,0.1351539708265802,0.958077,0.030169,0.011754
2671.35,0.13408427876823337,0.921469,0.064278,0.014253
2675.2,0.13283630470016217,0.892428,0.070832,0.03674
2681.25,0.13087520259319285,0.932994,0.048047,0.018959
2684.2,0.12991896272285253,0.91199,0.063505,0.024505
2685.65,0.12944894651539707,0.895366,0.080962,0.023672
2685.65,0.12944894651539707,0.89483,0.081528,0.023642
2687.3,0.12891410048622365,0.872218,0.100936,0.026845
2689.5,0.12820097244732576,0.890179,0.078819,0.031001
2692.8,0.12713128038897892,0.9306,0.048956,0.020444
2701.05,0.12445705024311182,0.914491,0.061918,0.02359
2713.15,0.12053484602917341,0.920107,0.061801,0.018092
2721.05,0.11797406807131272,0.925922,0.054918,0.01916
2727.45,0.11589951377633723,0.907949,0.068225,0.023826
2732.4,0.11429497568881686,0.958115,0.031782,0.010103
2740.1,0.11179902755267423,0.864684,0.092284,0.043032
2743.4,0.1107293354943274,0.926423,0.052748,0.020829
2750.0,0.10858995137763372,0.937248,0.044422,0.01833
2760.45,0.10520259319286873,0.880733,0.096482,0.022785
2771.45,0.10163695299837927,0.931729,0.048861,0.019409
2787.05,0.09658022690437595,0.910215,0.068057,0.021727
2793.45,0.09450567260940035,0.910347,0.066051,0.023602
2800.05,0.09236628849270656,0.854408,0.114397,0.031196
2807.58,0.08992544570502436,0.892545,0.075669,0.031786
2807.58,0.08992544570502436,0.892545,0.075669,0.031786
2819.13,0.08618152350081032,0.922259,0.052317,0.025424
2830.13,0.08261588330632086,0.901866,0.066193,0.031941
2840.2,0.07935170178282014,0.949688,0.032897,0.017416
2841.12,0.07905348460291739,0.883848,0.091608,0.024543
2841.13,0.0790502431118314,0.895592,0.079934,0.024474
2852.13,0.07548460291734194,0.943158,0.036124,0.020718
2857.63,0.0737017828200972,0.849582,0.124168,0.02625
2874.13,0.06835332252836301,0.829878,0.143262,0.026859
2874.13,0.06835332252836301,0.815389,0.152683,0.031928
2874.13,0.06835332252836301,0.806728,0.157101,0.036171
2880.35,0.0663371150729336,0.867037,0.092707,0.040256
2885.68,0.06460940032414919,0.910822,0.065324,0.023855
2885.68,0.06460940032414919,0.922756,0.054422,0.022822
2885.68,0.06460940032414919,0.922769,0.054417,0.022814
2885.68,0.06460940032414919,0.939502,0.040738,0.019759
2895.03,0.06157860615883304,0.720926,0.24329,0.035784
2895.03,0.06157860615883304,0.715301,0.252389,0.03231
2895.03,0.06157860615883304,0.72105,0.25225,0.0267
2897.23,0.060865478119935146,0.925013,0.041218,0.033768
2897.23,0.060865478119935146,0.895537,0.068519,0.035944
2897.23,0.060865478119935146,0.858265,0.102846,0.038888
2899.98,0.05997406807131278,0.86024,0.129972,0.009788
2899.98,0.05997406807131278,0.88639,0.096169,0.017441
2899.98,0.05997406807131278,0.910169,0.066844,0.022987
2900.15,0.059918962722852465,0.829506,0.103146,0.067347
2902.18,0.059260940032415,0.836228,0.100173,0.063599
2908.78,0.05712155591572121,0.9169,0.056528,0.026572
2908.78,0.05712155591572121,0.907633,0.055637,0.03673
2908.78,0.05712155591572121,0.907129,0.062985,0.029886
2909.33,0.05694327390599674,0.870602,0.109475,0.019923
2909.33,0.05694327390599674,0.859024,0.122346,0.01863
2909.33,0.05694327390599674,0.880435,0.098769,0.020796
2914.83,0.05516045380875201,0.782412,0.151328,0.06626
2914.83,0.05516045380875201,0.739827,0.175894,0.08428
2914.83,0.05516045380875201,0.642858,0.237416,0.119726
2919.23,0.053734197730956224,0.893964,0.079816,0.026219
2919.95,0.053500810372771546,0.902762,0.059314,0.037925
2924.18,0.05212965964343608,0.618668,0.342268,0.039064
2924.18,0.05212965964343608,0.559269,0.38959,0.051141
2924.18,0.05212965964343608,0.528991,0.413298,0.057711
2924.73,0.05195137763371149,0.891042,0.088951,0.020008
2924.73,0.05195137763371149,0.874885,0.09821,0.026905
2924.73,0.05195137763371149,0.851415,0.114248,0.034337
2925.65,0.051653160453808744,0.65367,0.275128,0.071202
2926.93,0.05123824959481371,0.819014,0.129303,0.051683
2926.93,0.05123824959481371,0.784982,0.154035,0.060983
2926.93,0.05123824959481371,0.741448,0.189658,0.068893
2933.53,0.049098865478119924,0.808305,0.156123,0.035573
2933.53,0.049098865478119924,0.739799,0.227311,0.03289
2933.53,0.049098865478119924,0.658603,0.315821,0.025576
2936.89,0.04800972447325769,0.930523,0.039063,0.030414
2951.19,0.04337439222042139,0.854845,0.096853,0.048302
2953.94,0.04248298217179902,0.788,0.18693,0.02507
2956.14,0.04176985413290113,0.740803,0.172017,0.08718
2959.44,0.04070016207455429,0.67415,0.257319,0.068531
2962.74,0.039630470016207564,0.739998,0.17976,0.080242
2964.94,0.03891734197730956,0.676629,0.280626,0.042745
2968.24,0.037847649918962833,0.709805,0.188498,0.101696
2975.39,0.03552998379254457,0.871093,0.105092,0.023815
2981.44,0.03356888168557537,0.795011,0.116071,0.088918
2991.34,0.030359805510534854,0.726229,0.168442,0.105329
2999.04,0.02786385737439223,0.714875,0.18401,0.101115
