z,zrel,lam1,lam2,lam3
33.092,0.9869716535433071,0.55751,0.23081,0.21168
33.367,0.9868633858267717,0.43851,0.34093,0.22056
44.0,0.9826771653543307,0.60997,0.21573,0.1743
55.0,0.9783464566929134,0.50325,0.28513,0.21162
55.367,0.978201968503937,0.54532,0.26896,0.18573
66.0,0.974015748031496,0.54721,0.25547,0.19731
77.0,0.9696850393700788,0.56434,0.2518,0.18386
77.367,0.9695405511811024,0.53166,0.25842,0.20993
88.0,0.9653543307086614,0.52543,0.26847,0.2061
99.0,0.9610236220472441,0.5685,0.23377,0.19774
99.367,0.9608791338582677,0.53897,0.25255,0.20848
110.0,0.9566929133858267,0.43189,0.35543,0.21268
121.0,0.9523622047244095,0.53054,0.2682,0.20126
123.75,0.9512795275590551,0.48982,0.27625,0.23393
123.842,0.9512433070866142,0.4805,0.28072,0.23878
123.933,0.9512074803149606,0.60446,0.20549,0.19005
132.0,0.9480314960629921,0.49109,0.29349,0.21542
132.092,0.9479952755905512,0.42526,0.32816,0.24658
132.183,0.9479594488188976,0.51994,0.2708,0.20926
132.275,0.9479232283464567,0.51268,0.27693,0.21039
132.367,0.9478870078740158,0.63716,0.18968,0.17315
143.0,0.9437007874015748,0.5983,0.21004,0.19167
154.183,0.939298031496063,0.49033,0.28641,0.22325
170.5,0.9328740157480315,0.52232,0.25273,0.22495
187.0,0.9263779527559055,0.59214,0.22012,0.18775
209.0,0.9177165354330709,0.55338,0.23063,0.216
220.0,0.9133858267716536,0.53224,0.24456,0.2232
231.0,0.9090551181102362,0.54874,0.23678,0.21448
242.0,0.9047244094488189,0.5631,0.22887,0.20804
242.092,0.9046881889763779,0.55546,0.2313,0.21324
242.183,0.9046523622047244,0.52397,0.25135,0.22468
242.275,0.9046161417322834,0.52865,0.26535,0.206
242.367,0.9045799212598425,0.54612,0.23977,0.21411
258.5,0.8982283464566929,0.54376,0.24939,0.20685
264.0,0.8960629921259843,0.53493,0.26449,0.20058
264.183,0.8959909448818898,0.50711,0.27609,0.2168
275.0,0.8917322834645669,0.58501,0.23607,0.17892
297.0,0.8830708661417322,0.59725,0.2407,0.16205
308.0,0.878740157480315,0.58691,0.21242,0.20067
319.0,0.8744094488188976,0.56102,0.23905,0.19993
330.0,0.8700787401574803,0.58846,0.21828,0.19326
346.5,0.8635826771653543,0.61996,0.21598,0.16406
346.592,0.8635464566929134,0.6041,0.22981,0.16609
346.683,0.8635106299212598,0.61031,0.21611,0.17358
346.775,0.8634744094488189,0.61845,0.20792,0.17363
346.867,0.8634381889763779,0.59365,0.23283,0.17352
352.0,0.8614173228346457,0.63485,0.20003,0.16512
374.0,0.852755905511811,0.61425,0.23056,0.15519
385.0,0.8484251968503937,0.58212,0.2547,0.16318
396.0,0.8440944881889764,0.60709,0.21621,0.17669
407.183,0.8396917322834646,0.58416,0.22952,0.18632
418.0,0.8354330708661417,0.60847,0.22428,0.16725
429.0,0.8311023622047244,0.59307,0.23045,0.17648
429.092,0.8310661417322834,0.54286,0.26467,0.19248
440.0,0.8267716535433071,0.59857,0.21439,0.18704
451.0,0.8224409448818898,0.60276,0.21962,0.17762
462.0,0.8181102362204724,0.58047,0.22399,0.19554
462.092,0.8180740157480315,0.68387,0.17253,0.1436
462.183,0.8180381889763779,0.60455,0.20925,0.1862
462.275,0.818001968503937,0.62424,0.21591,0.15985
462.367,0.817965748031496,0.60186,0.21575,0.18239
473.0,0.8137795275590551,0.55125,0.25301,0.19574
484.0,0.8094488188976378,0.63852,0.21755,0.14393
495.0,0.8051181102362205,0.61821,0.21758,0.16421
506.0,0.8007874015748031,0.60013,0.23787,0.162
517.0,0.7964566929133858,0.64656,0.20314,0.1503
528.0,0.7921259842519686,0.65833,0.17947,0.1622
539.0,0.7877952755905512,0.63382,0.20039,0.16579
561.0,0.7791338582677165,0.69007,0.2252,0.08473
561.092,0.7790976377952756,0.53958,0.25588,0.20454
561.183,0.779061811023622,0.62007,0.21819,0.16174
577.5,0.7726377952755905,0.65359,0.20273,0.14368
583.0,0.7704724409448819,0.63307,0.1845,0.18244
594.0,0.7661417322834646,0.64831,0.217,0.13469
607.2,0.7609448818897637,0.63389,0.23826,0.12785
630.392,0.7518141732283464,0.68334,0.18244,0.13422
630.758,0.7516700787401575,0.58995,0.2382,0.17185
652.3,0.7431889763779528,0.57729,0.23651,0.1862
652.483,0.7431169291338583,0.65224,0.20114,0.14662
652.575,0.7430807086614173,0.61828,0.20553,0.17619
652.758,0.7430086614173228,0.60914,0.22437,0.16649
674.3,0.7345275590551181,0.60485,0.24161,0.15354
674.392,0.7344913385826771,0.5999,0.23384,0.16626
674.483,0.7344555118110236,0.62858,0.20919,0.16223
674.575,0.7344192913385826,0.65321,0.21182,0.13497
674.667,0.7343830708661417,0.62849,0.21276,0.15876
674.758,0.7343472440944881,0.63586,0.20426,0.15988
717.75,0.7174212598425197,0.62589,0.21125,0.16286
717.842,0.7173850393700787,0.59454,0.24987,0.15559
717.933,0.7173492125984252,0.60679,0.25135,0.14185
718.025,0.7173129921259842,0.57285,0.26007,0.16707
718.117,0.7172767716535433,0.6622,0.20163,0.13617
718.208,0.7172409448818897,0.55352,0.29114,0.15534
739.75,0.708759842519685,0.58671,0.24093,0.17236
739.842,0.7087236220472442,0.62167,0.20676,0.17157
739.933,0.7086877952755906,0.64061,0.21263,0.14677
740.025,0.7086515748031497,0.63926,0.22577,0.13498
740.117,0.7086153543307087,0.60628,0.22372,0.17
740.208,0.7085795275590552,0.65915,0.17847,0.16238
755.7,0.7024803149606299,0.618,0.22754,0.15446
755.792,0.7024440944881889,0.70235,0.17024,0.12741
755.883,0.7024082677165354,0.64356,0.20619,0.15025
755.975,0.7023720472440944,0.63853,0.20352,0.15796
756.067,0.7023358267716535,0.63667,0.23827,0.12507
756.158,0.7022999999999999,0.64304,0.19982,0.15715
783.75,0.6914370078740157,0.67091,0.20454,0.12456
783.842,0.6914007874015748,0.64958,0.20259,0.14784
783.933,0.6913649606299213,0.6372,0.23805,0.12475
784.025,0.6913287401574804,0.69125,0.20984,0.09891
784.117,0.6912925196850395,0.65626,0.23101,0.11273
784.208,0.6912566929133859,0.63747,0.24574,0.1168
822.25,0.6762795275590552,0.64871,0.22576,0.12553
822.342,0.6762433070866142,0.63682,0.24332,0.11986
822.433,0.6762074803149607,0.6231,0.2714,0.1055
822.525,0.6761712598425197,0.61342,0.26281,0.12377
822.617,0.6761350393700787,0.6385,0.20319,0.15831
822.708,0.6760992125984252,0.6442,0.2098,0.146
849.75,0.6654527559055118,0.60518,0.23333,0.16149
849.842,0.6654165354330709,0.67304,0.20087,0.12609
849.933,0.6653807086614174,0.62559,0.23158,0.14283
850.025,0.6653444881889764,0.70316,0.16763,0.1292
850.117,0.6653082677165354,0.64837,0.23581,0.11583
850.208,0.6652724409448819,0.63317,0.21808,0.14875
888.25,0.6502952755905511,0.69536,0.19709,0.10754
888.342,0.6502590551181102,0.64248,0.22475,0.13277
888.433,0.6502232283464566,0.72682,0.14944,0.12374
888.525,0.6501870078740157,0.6774,0.19924,0.12336
888.617,0.6501507874015748,0.67981,0.20309,0.1171
888.708,0.6501149606299212,0.66284,0.21044,0.12672
921.25,0.6373031496062992,0.6561,0.21177,0.13213
921.342,0.6372669291338583,0.63741,0.25511,0.10748
921.433,0.6372311023622047,0.66062,0.22396,0.11542
921.525,0.6371948818897638,0.71134,0.18821,0.10045
921.617,0.6371586614173228,0.68379,0.21587,0.10034
921.708,0.6371228346456693,0.64344,0.23715,0.11941
970.75,0.6178149606299213,0.694,0.15428,0.15172
970.842,0.6177787401574804,0.69126,0.22823,0.08051
970.933,0.6177429133858268,0.68998,0.21895,0.09107
971.025,0.6177066929133859,0.68076,0.24198,0.07726
971.117,0.617670472440945,0.67346,0.22137,0.10517
971.208,0.6176346456692914,0.67588,0.20863,0.11548
997.7,0.6072047244094487,0.69846,0.17317,0.12836
997.792,0.6071685039370078,0.69605,0.18001,0.12395
997.883,0.6071326771653542,0.6999,0.18198,0.11811
997.975,0.6070964566929133,0.73045,0.16789,0.10166
998.067,0.6070602362204724,0.68775,0.18891,0.12334
998.158,0.6070244094488189,0.67886,0.19976,0.12138
1025.75,0.5961614173228347,0.62817,0.25865,0.11318
1025.842,0.5961251968503937,0.6748,0.22657,0.09863
1025.933,0.5960893700787402,0.74022,0.17884,0.08093
1026.025,0.5960531496062992,0.71463,0.19384,0.09153
1026.117,0.5960169291338583,0.66698,0.22767,0.10535
1026.208,0.5959811023622047,0.70372,0.21938,0.0769
1036.2,0.5920472440944882,0.67363,0.20622,0.12015
1036.292,0.5920110236220473,0.67852,0.18934,0.13213
1036.383,0.5919751968503937,0.70499,0.18604,0.10897
1036.475,0.5919389763779528,0.62539,0.25695,0.11766
1036.567,0.5919027559055119,0.72035,0.18489,0.09476
1036.658,0.5918669291338583,0.68256,0.18851,0.12894
1042.25,0.5896653543307087,0.70732,0.19044,0.10224
1042.342,0.5896291338582677,0.69196,0.21027,0.09777
1042.433,0.5895933070866142,0.6818,0.23118,0.08702
1042.525,0.5895570866141733,0.71504,0.19812,0.08684
1042.617,0.5895208661417324,0.69933,0.21304,0.08762
1042.708,0.5894850393700788,0.66752,0.22907,0.10341
1047.75,0.5875,0.67161,0.23302,0.09537
1047.842,0.587463779527559,0.62405,0.27993,0.09602
1047.933,0.5874279527559055,0.64518,0.24754,0.10728
1048.025,0.5873917322834645,0.705,0.20747,0.08752
1048.117,0.5873555118110236,0.67102,0.22077,0.10821
1048.208,0.58731968503937,0.69259,0.17457,0.13283
1069.75,0.5788385826771654,0.6889,0.2314,0.0797
1069.933,0.5787665354330709,0.6914,0.21415,0.09444
1070.025,0.5787303149606299,0.68872,0.20712,0.10416
1070.117,0.578694094488189,0.70786,0.19576,0.09638
1070.208,0.5786582677165354,0.71634,0.18569,0.09797
1097.8,0.5677952755905512,0.72688,0.17699,0.09612
1097.892,0.5677590551181102,0.68991,0.23154,0.07855
1097.983,0.5677232283464567,0.69936,0.21064,0.09
1098.075,0.5676870078740157,0.66259,0.24198,0.09543
1098.167,0.5676507874015748,0.66973,0.20836,0.1219
1098.258,0.5676149606299212,0.69477,0.22318,0.08205
1103.392,0.5655937007874016,0.68286,0.17879,0.13835
1103.483,0.5655578740157481,0.69122,0.23093,0.07785
1103.575,0.5655216535433071,0.72969,0.15856,0.11175
1103.667,0.5654854330708662,0.71226,0.1882,0.09954
1103.758,0.5654496062992126,0.7214,0.17384,0.10476
1114.85,0.5610826771653543,0.71828,0.19255,0.08917
1114.942,0.5610464566929134,0.73633,0.16127,0.1024
1115.033,0.5610106299212598,0.66883,0.22675,0.10442
1115.125,0.5609744094488189,0.70524,0.17973,0.11503
1115.217,0.5609381889763779,0.73722,0.17149,0.09129
1115.308,0.5609023622047244,0.68424,0.20665,0.1091
1124.75,0.5571850393700788,0.68054,0.22535,0.09411
1124.842,0.5571488188976377,0.67155,0.24093,0.08752
1124.933,0.5571129921259843,0.68902,0.21253,0.09845
1125.025,0.5570767716535432,0.69809,0.23167,0.07024
1125.117,0.5570405511811023,0.67937,0.2253,0.09533
1125.208,0.5570047244094487,0.74999,0.1825,0.06751
1136.3,0.5526377952755905,0.69069,0.19887,0.11044
1136.392,0.5526015748031496,0.68995,0.20947,0.10058
1136.483,0.552565748031496,0.74117,0.14954,0.10929
1136.575,0.5525295275590552,0.75448,0.14301,0.10251
1136.667,0.5524933070866143,0.67084,0.21517,0.11399
1136.758,0.5524574803149607,0.68588,0.20319,0.11094
1136.85,0.5524212598425198,0.69862,0.18739,0.11398
1136.942,0.5523850393700787,0.7107,0.16418,0.12512
1137.033,0.5523492125984253,0.70799,0.17394,0.11808
1137.125,0.5523129921259842,0.70126,0.2064,0.09233
1137.217,0.5522767716535433,0.59383,0.27402,0.13216
1137.308,0.5522409448818897,0.71593,0.16532,0.11875
1146.2,0.548740157480315,0.73841,0.17789,0.08371
1146.292,0.5487039370078741,0.74297,0.16228,0.09475
1146.383,0.5486681102362205,0.70622,0.20108,0.0927
1146.475,0.5486318897637796,0.72935,0.16729,0.10336
1146.567,0.5485956692913385,0.70581,0.19869,0.0955
1146.658,0.5485598425196851,0.68909,0.19735,0.11356
1158.025,0.5440846456692914,0.7094,0.20761,0.08299
1158.208,0.5440125984251969,0.73088,0.19711,0.07201
1185.25,0.5333661417322835,0.80474,0.13814,0.05713
1185.617,0.5332216535433071,0.7196,0.1647,0.1157
1211.742,0.522936220472441,0.73474,0.19274,0.07252
1212.017,0.5228279527559054,0.70644,0.2187,0.07486
1212.108,0.5227921259842521,0.71726,0.22604,0.0567
1218.433,0.520301968503937,0.72679,0.21684,0.05637
1218.525,0.5202657480314961,0.71597,0.17599,0.10804
1218.617,0.5202295275590552,0.6971,0.22243,0.08046
1224.392,0.517955905511811,0.7417,0.19049,0.06781
1224.483,0.5179200787401574,0.7673,0.16886,0.06384
1224.575,0.5178838582677165,0.73595,0.1899,0.07416
1228.7,0.516259842519685,0.71802,0.21892,0.06306
1228.883,0.5161877952755906,0.76732,0.17742,0.05525
1229.158,0.5160795275590552,0.73582,0.18397,0.08021
1234.75,0.5138779527559055,0.73399,0.1968,0.06921
1235.025,0.51376968503937,0.67645,0.23827,0.08528
1235.117,0.5137334645669291,0.73785,0.17822,0.08393
1235.208,0.5136976377952756,0.75908,0.18282,0.0581
1250.792,0.5075622047244095,0.71611,0.23137,0.05252
1250.883,0.5075263779527559,0.76956,0.15854,0.0719
1255.467,0.5057216535433071,0.73979,0.18875,0.07146
1261.883,0.5031956692913386,0.78185,0.15486,0.06329
1261.975,0.5031594488188977,0.75732,0.17496,0.06773
1262.067,0.5031232283464566,0.75573,0.17688,0.06739
1279.3,0.49633858267716535,0.71099,0.23115,0.05786
1279.392,0.49630236220472435,0.7464,0.20091,0.05269
1279.575,0.49623031496062986,0.73414,0.2099,0.05596
1279.667,0.49619409448818896,0.6872,0.24197,0.07083
1281.5,0.49547244094488185,0.73633,0.19626,0.06741
1292.5,0.4911417322834646,0.74676,0.20493,0.04831
1292.592,0.4911055118110236,0.74276,0.20162,0.05562
1292.683,0.4910696850393701,0.78819,0.16752,0.04429
1303.5,0.4868110236220472,0.75424,0.16983,0.07593
1314.5,0.48248031496062993,0.75422,0.19254,0.05324
1325.592,0.47811338582677165,0.73089,0.21504,0.05407
1325.683,0.47807755905511806,0.78384,0.17256,0.0436
1336.5,0.4738188976377953,0.77394,0.16655,0.05951
1336.592,0.47378267716535427,0.74005,0.16774,0.09221
1347.5,0.469488188976378,0.80548,0.13756,0.05695
1358.5,0.4651574803149606,0.66548,0.27542,0.0591
1358.683,0.46508543307086614,0.79341,0.15519,0.0514
1369.5,0.46082677165354335,0.73595,0.21117,0.05288
1380.5,0.456496062992126,0.77402,0.19496,0.03101
1391.5,0.4521653543307087,0.70906,0.26229,0.02865
1391.592,0.4521291338582677,0.81603,0.14716,0.03681
1402.5,0.4478346456692913,0.70162,0.25725,0.04113
1413.5,0.44350393700787405,0.80414,0.15359,0.04227
1417.992,0.44173543307086616,0.79194,0.18196,0.0261
1418.083,0.44169960629921257,0.86393,0.11037,0.0257
1418.175,0.44166338582677167,0.82797,0.14179,0.03024
1418.267,0.44162716535433066,0.82641,0.15179,0.0218
1418.45,0.4415551181102362,0.82429,0.15777,0.01794
1418.542,0.4415188976377953,0.87561,0.10227,0.02212
1418.633,0.4414830708661417,0.89301,0.08682,0.02017
1418.725,0.4414468503937008,0.84699,0.12619,0.02682
1418.817,0.4414106299212598,0.86174,0.1083,0.02996
1424.683,0.4391011811023622,0.82005,0.15197,0.02798
1435.5,0.4348425196850394,0.89845,0.08164,0.01991
1446.5,0.430511811023622,0.81581,0.16056,0.02363
1457.683,0.42610905511811026,0.89845,0.08731,0.01425
1468.5,0.42185039370078736,0.84906,0.13508,0.01586
1479.5,0.4175196850393701,0.88521,0.09897,0.01582
1490.5,0.4131889763779527,0.90783,0.07297,0.0192
1501.5,0.40885826771653544,0.92448,0.05665,0.01887
1501.592,0.40882204724409443,0.91607,0.06537,0.01856
1512.5,0.40452755905511806,0.91865,0.06511,0.01624
1523.5,0.4001968503937008,0.93223,0.05344,0.01434
1523.592,0.4001606299212598,0.93373,0.05139,0.01488
1534.5,0.3958661417322835,0.93916,0.04583,0.015
1534.592,0.3958299212598425,0.9339,0.04737,0.01873
1545.5,0.39153543307086613,0.94179,0.04139,0.01682
1556.5,0.38720472440944886,0.94062,0.04053,0.01885
1567.5,0.3828740157480315,0.93363,0.05003,0.01635
1567.592,0.3828377952755905,0.94795,0.03635,0.0157
1578.5,0.3785433070866142,0.94617,0.03537,0.01846
1589.5,0.37421259842519683,0.93837,0.04196,0.01967
1600.5,0.36988188976377956,0.93861,0.03987,0.02151
1611.5,0.3655511811023622,0.94627,0.03467,0.01906
1611.592,0.36551496062992117,0.95388,0.02592,0.02019
1611.683,0.3654791338582677,0.94671,0.03414,0.01915
1611.775,0.3654429133858267,0.92806,0.04596,0.02598
1611.867,0.3654066929133858,0.94654,0.03555,0.01791
1622.5,0.3612204724409449,0.94527,0.0343,0.02042
1633.5,0.3568897637795275,0.95125,0.02849,0.02026
1644.5,0.35255905511811025,0.96104,0.02233,0.01663
1655.5,0.34822834645669287,0.9514,0.03395,0.01465
1666.5,0.3438976377952756,0.95497,0.02765,0.01739
1666.683,0.3438255905511811,0.94901,0.02927,0.02172
1677.5,0.3395669291338582,0.95962,0.02484,0.01555
1677.592,0.3395307086614173,0.95288,0.03127,0.01586
1688.5,0.33523622047244095,0.94839,0.03829,0.01332
1688.592,0.33519999999999994,0.95445,0.03198,0.01357
1699.5,0.33090551181102357,0.94585,0.04114,0.01301
1699.683,0.3308334645669292,0.95465,0.03234,0.01301
1710.5,0.3265748031496063,0.95939,0.02652,0.01409
1721.5,0.322244094488189,0.93986,0.04994,0.0102
1732.5,0.31791338582677164,0.95381,0.0317,0.01448
1732.592,0.31787716535433064,0.95834,0.02672,0.01494
1743.5,0.3135826771653544,0.95556,0.0312,0.01324
1754.5,0.309251968503937,0.95668,0.02704,0.01629
1757.25,0.30816929133858273,0.96584,0.02163,0.01253
1757.342,0.3081330708661417,0.94672,0.03612,0.01716
1773.75,0.3016732283464567,0.96748,0.01937,0.01315
1786.4,0.2966929133858267,0.93349,0.04349,0.02301
1795.75,0.29301181102362206,0.94194,0.04358,0.01448
1801.342,0.2908102362204724,0.96726,0.02259,0.01016
1801.617,0.29070196850393704,0.94711,0.03762,0.01528
1802.35,0.2904133858267717,0.95165,0.03344,0.01491
1810.6,0.28716535433070867,0.93947,0.04402,0.01651
1817.75,0.2843503937007874,0.9525,0.03523,0.01227
1823.342,0.28214881889763777,0.9421,0.04172,0.01618
1823.433,0.2821129921259843,0.95085,0.03654,0.01261
1823.617,0.2820405511811024,0.96054,0.02992,0.00954
1828.75,0.28001968503937,0.94706,0.03827,0.01467
1834.342,0.2778181102362204,0.96312,0.02577,0.01111
1839.842,0.27565275590551175,0.9493,0.03873,0.01197
1845.25,0.2735236220472441,0.95888,0.02883,0.01228
1845.342,0.2734874015748031,0.95852,0.0302,0.01128
1845.433,0.27345157480314963,0.96097,0.0264,0.01263
1845.525,0.2734153543307086,0.93429,0.05174,0.01397
1845.617,0.27337913385826773,0.96453,0.0243,0.01118
1845.708,0.27334330708661414,0.9597,0.02915,0.01114
1867.25,0.26486220472440947,0.94284,0.04307,0.0141
1867.342,0.26482598425196846,0.94721,0.03748,0.01531
1867.433,0.264790157480315,0.96214,0.02376,0.01411
1867.525,0.264753937007874,0.96548,0.02302,0.01151
1867.617,0.2647177165354331,0.95941,0.03048,0.01011
1867.708,0.2646818897637795,0.97185,0.0174,0.01075
1889.25,0.2562007874015748,0.93894,0.04965,0.01141
1889.433,0.25612874015748033,0.89484,0.0867,0.01846
1889.617,0.2560562992125984,0.95297,0.03327,0.01376
1911.342,0.24750314960629916,0.93783,0.04945,0.01272
1911.708,0.24735905511811018,0.95832,0.02933,0.01235
1933.25,0.2388779527559055,0.9365,0.04931,0.0142
1933.708,0.23869763779527553,0.96141,0.02769,0.0109
1955.342,0.23018031496062985,0.96103,0.02657,0.01241
1955.433,0.23014448818897637,0.97031,0.01793,0.01176
1955.708,0.23003622047244088,0.96281,0.02426,0.01293
1977.342,0.2215188976377952,0.96612,0.02183,0.01205
1999.525,0.21278543307086606,0.91006,0.06814,0.0218
2131.25,0.16092519685039375,0.90851,0.0667,0.02479
2131.342,0.16088897637795274,0.94062,0.04172,0.01766
2131.433,0.16085314960629926,0.94812,0.02951,0.02238
2131.525,0.16081692913385826,0.94805,0.02892,0.02303
2131.617,0.16078070866141725,0.96041,0.02358,0.01602
2131.708,0.16074488188976377,0.96502,0.0209,0.01408
2147.75,0.15442913385826773,0.94304,0.03828,0.01869
2147.842,0.15439291338582672,0.92217,0.05338,0.02445
2147.933,0.15435708661417324,0.9271,0.04767,0.02522
2148.025,0.15432086614173224,0.94954,0.03091,0.01954
2148.117,0.15428464566929123,0.93909,0.03925,0.02167
2148.208,0.15424881889763775,0.94164,0.03257,0.02579
2175.25,0.14360236220472444,0.92069,0.06254,0.01677
2175.342,0.14356614173228344,0.93673,0.04454,0.01872
2175.433,0.14353031496062996,0.94784,0.03218,0.01999
2175.525,0.14349409448818895,0.9499,0.0358,0.0143
2175.617,0.14345787401574794,0.93904,0.04547,0.01549
2175.708,0.14342204724409446,0.93512,0.04521,0.01967
2202.75,0.13277559055118116,0.95818,0.0279,0.01393
2202.842,0.13273937007874015,0.93375,0.0498,0.01645
2202.933,0.13270354330708667,0.96741,0.02122,0.01137
2203.025,0.13266732283464566,0.97165,0.01574,0.0126
2203.117,0.13263110236220466,0.95178,0.03108,0.01714
2203.208,0.13259527559055118,0.91395,0.06987,0.01617
2208.342,0.1305740157480314,0.966,0.02115,0.01285
2208.433,0.13053818897637792,0.95997,0.02625,0.01377
2208.525,0.13050196850393703,0.95897,0.02593,0.0151
2208.617,0.13046574803149602,0.93499,0.04294,0.02207
2213.75,0.12844488188976377,0.8207,0.13268,0.04662
2213.842,0.12840866141732277,0.79722,0.1289,0.07388
2213.933,0.1283728346456693,0.7475,0.18075,0.07175
2214.117,0.12830039370078727,0.8155,0.12079,0.06371
2214.208,0.1282645669291338,0.82378,0.12403,0.05219
2241.8,0.1174015748031495,0.93991,0.03821,0.02188
2241.892,0.11736535433070872,0.85097,0.08955,0.05948
2241.983,0.11732952755905501,0.93714,0.03412,0.02874
2242.075,0.11729330708661423,0.94816,0.034,0.01784
2242.167,0.11725708661417322,0.96331,0.0215,0.01519
2242.258,0.11722125984251974,0.95855,0.02439,0.01707
2257.75,0.11112204724409447,0.94677,0.03829,0.01494
2257.842,0.11108582677165346,0.95409,0.02561,0.0203
2257.933,0.11104999999999998,0.94498,0.0368,0.01822
2258.025,0.11101377952755898,0.88195,0.08077,0.03728
2258.117,0.11097755905511808,0.83198,0.12004,0.04798
2258.208,0.11094173228346449,0.93835,0.03546,0.0262
2263.25,0.10895669291338583,0.83575,0.1022,0.06205
2263.342,0.10892047244094483,0.87269,0.1022,0.02511
2263.433,0.10888464566929135,0.75148,0.17333,0.07519
2263.525,0.10884842519685034,0.78332,0.15635,0.06033
2263.617,0.10881220472440933,0.80601,0.13974,0.05425
2263.708,0.10877637795275585,0.7597,0.16568,0.07462
2268.75,0.1067913385826772,0.8449,0.10839,0.0467
2268.842,0.10675511811023619,0.91098,0.06304,0.02599
2268.933,0.10671929133858271,0.91305,0.07307,0.01388
2269.025,0.1066830708661417,0.91582,0.06647,0.01772
2269.117,0.1066468503937007,0.87762,0.1076,0.01478
2269.208,0.10661102362204722,0.89248,0.08817,0.01935
2285.25,0.10029527559055118,0.87329,0.09407,0.03264
2285.342,0.10025905511811017,0.86497,0.09998,0.03505
2285.433,0.1002232283464567,0.92876,0.05447,0.01676
2285.525,0.10018700787401569,0.8018,0.14144,0.05675
2285.617,0.10015078740157468,0.77389,0.15706,0.06905
2285.708,0.1001149606299212,0.73621,0.17505,0.08875
2307.25,0.09163385826771653,0.84673,0.1256,0.02766
2307.342,0.09159763779527552,0.86438,0.11345,0.02217
2307.433,0.09156181102362204,0.82472,0.1525,0.02278
2307.525,0.09152559055118104,0.87524,0.11008,0.01468
2307.617,0.09148937007874003,0.80983,0.16617,0.024
2307.708,0.09145354330708655,0.85303,0.12235,0.02461
2329.25,0.08297244094488188,0.81607,0.14511,0.03882
2329.342,0.08293622047244087,0.91655,0.05219,0.03126
2329.433,0.08290039370078739,0.93642,0.03471,0.02887
2329.525,0.08286417322834638,0.91328,0.05138,0.03535
2329.617,0.08282795275590549,0.87573,0.086,0.03826
2329.708,0.0827921259842519,0.76737,0.17118,0.06145
2351.25,0.07431102362204722,0.79855,0.13569,0.06576
2351.342,0.07427480314960622,0.79871,0.13413,0.06716
2351.433,0.07423897637795274,0.86519,0.09831,0.0365
2351.525,0.07420275590551173,0.86477,0.11717,0.01805
2351.617,0.07416653543307083,0.84866,0.10549,0.04584
2351.708,0.07413070866141724,0.81879,0.14383,0.03737
2362.8,0.06976377952755897,0.93028,0.04791,0.02181
2362.892,0.06972755905511818,0.82985,0.11552,0.05463
2362.983,0.06969173228346448,0.8963,0.08075,0.02295
2363.075,0.0696555118110237,0.86747,0.09563,0.0369
2363.167,0.06961929133858269,0.8698,0.10342,0.02678
2363.258,0.06958346456692921,0.77524,0.14118,0.08358
2363.9,0.06933070866141733,0.67469,0.23534,0.08998
2363.992,0.06929448818897632,0.80584,0.13089,0.06327
2364.083,0.06925866141732284,0.79077,0.17837,0.03086
2364.175,0.06922244094488184,0.75191,0.12878,0.11931
2364.267,0.06918622047244105,0.83289,0.14581,0.0213
2364.358,0.06915039370078735,0.78327,0.1487,0.06802
2364.45,0.06911417322834656,0.71214,0.20444,0.08342
2364.542,0.06907795275590556,0.72155,0.1428,0.13565
2364.633,0.06904212598425208,0.83851,0.10168,0.05981
2364.725,0.06900590551181107,0.78325,0.1425,0.07425
2364.817,0.06896968503937007,0.81201,0.15308,0.03491
2364.908,0.06893385826771659,0.84583,0.08741,0.06676
2367.75,0.0678149606299212,0.77755,0.13049,0.09196
2367.842,0.06777874015748031,0.71324,0.20627,0.0805
2367.933,0.06774291338582672,0.73719,0.14097,0.12184
2368.025,0.06770669291338582,0.74089,0.15115,0.10796
2368.117,0.06767047244094482,0.57815,0.33624,0.08561
2368.208,0.06763464566929134,0.62631,0.24076,0.13293
2373.25,0.06564960629921257,0.74666,0.15026,0.10308
2373.342,0.06561338582677156,0.75014,0.20027,0.04958
2373.433,0.06557755905511808,0.79291,0.14819,0.0589
2373.525,0.06554133858267708,0.81656,0.12031,0.06313
2373.617,0.06550511811023618,0.75196,0.17426,0.07379
2373.708,0.06546929133858259,0.81271,0.16105,0.02624
2395.25,0.05698818897637792,0.55487,0.2675,0.17763
2395.342,0.05695196850393702,0.60771,0.3027,0.08959
2395.433,0.05691614173228343,0.69377,0.21898,0.08725
2395.525,0.056879921259842536,0.71014,0.24384,0.04603
2395.617,0.05684370078740153,0.85593,0.13789,0.00618
2395.708,0.05680787401574805,0.63958,0.35266,0.00776
2417.8,0.04811023622047239,0.8712,0.10636,0.02244
2417.892,0.04807401574803161,0.72731,0.22717,0.04551
2417.983,0.048038188976377905,0.82911,0.11474,0.05615
2418.075,0.04800196850393712,0.69359,0.28835,0.01806
2418.167,0.047965748031496114,0.84625,0.1017,0.05206
2418.258,0.047929921259842634,0.86062,0.12048,0.0189
2442.0,0.03858267716535435,0.77601,0.20524,0.01874
2442.092,0.038546456692913345,0.77819,0.19017,0.03163
2442.183,0.038510629921259865,0.78983,0.15796,0.05221
2442.275,0.03847440944881886,0.69909,0.21598,0.08493
2442.367,0.03843818897637785,0.86407,0.11893,0.01699
2442.458,0.03840236220472437,0.88615,0.09499,0.01886
2442.458,0.03840236220472437,0.88915,0.09306,0.01779
2442.55,0.038366141732283365,0.79722,0.1455,0.05728
2442.642,0.03832992125984258,0.88143,0.09267,0.0259
2442.733,0.03829409448818888,0.8779,0.10119,0.02092
2442.825,0.038257874015748095,0.84026,0.14089,0.01885
2442.825,0.038257874015748095,0.88881,0.08728,0.02391
2442.917,0.03822165354330709,0.83986,0.12741,0.03273
2443.008,0.03818582677165361,0.88298,0.10682,0.0102
2461.25,0.03100393700787396,0.85985,0.10913,0.03102
2461.342,0.030967716535433065,0.82841,0.14687,0.02472
2461.433,0.030931889763779585,0.84518,0.11864,0.03618
2461.525,0.03089566929133858,0.82847,0.15572,0.01582
2461.617,0.030859448818897572,0.85588,0.11108,0.03305
2461.708,0.030823622047244092,0.85668,0.11471,0.02862
2482.15,0.022775590551181057,0.76462,0.2121,0.02328
2482.242,0.02273937007874005,0.84419,0.14126,0.01455
2482.333,0.02270354330708657,0.80014,0.16514,0.03472
2482.425,0.022667322834645565,0.7503,0.14834,0.10137
2482.517,0.02263110236220478,0.82762,0.13314,0.03924
2482.608,0.022595275590551078,0.74707,0.14188,0.11106
2482.7,0.022559055118110294,0.85846,0.08735,0.05418
2482.792,0.022522834645669287,0.57094,0.38667,0.04239
2482.883,0.022487007874015807,0.58447,0.37391,0.04161
2482.975,0.0224507874015748,0.65519,0.31277,0.03205
2483.067,0.022414566929133906,0.84487,0.1185,0.03663
2483.158,0.022378740157480315,0.75649,0.16778,0.07574
2483.25,0.02234251968503942,0.87322,0.11905,0.00773
2483.342,0.022306299212598413,0.8692,0.12157,0.00923
2483.433,0.022270472440944933,0.89191,0.09952,0.00857
2483.525,0.022234251968503926,0.8792,0.11007,0.01073
2483.617,0.02219803149606292,0.88637,0.10535,0.00828
2483.708,0.02216220472440944,0.90342,0.08759,0.009
2483.8,0.022125984251968434,0.88254,0.10403,0.01343
2483.892,0.02208976377952765,0.84176,0.10832,0.04992
2483.983,0.022053937007873947,0.72845,0.20751,0.06404
2484.075,0.022017716535433163,0.84254,0.15189,0.00558
2484.167,0.021981496062992156,0.77229,0.14173,0.08598
2484.258,0.021945669291338676,0.77082,0.12467,0.10451
2484.35,0.02190944881889767,0.8827,0.10856,0.00873
2484.442,0.021873228346456663,0.83879,0.1008,0.06042
2484.533,0.021837401574803184,0.69936,0.21109,0.08954
2484.625,0.021801181102362177,0.75958,0.15694,0.08348
2484.717,0.02176496062992117,0.84019,0.13876,0.02105
2484.808,0.02172913385826769,0.77092,0.1409,0.08818
2484.9,0.021692913385826684,0.72599,0.20262,0.07139
2484.992,0.02165669291338579,0.89114,0.06846,0.04041
2485.083,0.021620866141732198,0.83269,0.13484,0.03247
2485.175,0.021584645669291302,0.72435,0.16627,0.10938
2485.267,0.021548425196850407,0.56333,0.38995,0.04672
2485.358,0.021512598425196816,0.76934,0.1285,0.10216
2485.45,0.02147637795275603,0.83369,0.12838,0.03793
2485.542,0.021440157480315025,0.8528,0.11943,0.02778
2485.633,0.021404330708661545,0.90163,0.08875,0.00962
2485.725,0.02136811023622054,0.86746,0.11404,0.0185
2485.817,0.021331889763779532,0.86267,0.10769,0.02964
2485.908,0.021296062992126052,0.85972,0.11481,0.02547
2505.25,0.013681102362204767,0.83147,0.11331,0.05522
2505.342,0.01364488188976376,0.83644,0.15496,0.0086
2505.433,0.01360905511811028,0.8811,0.10582,0.01308
2505.525,0.013572834645669274,0.86534,0.12344,0.01122
2505.617,0.013536614173228267,0.86465,0.12171,0.01364
2505.708,0.013500787401574788,0.83386,0.14865,0.0175
2532.75,0.002854330708661368,0.83094,0.10911,0.05996
2532.842,0.0028181102362204724,0.84473,0.12071,0.03456
2532.933,0.0027822834645668815,0.77084,0.19349,0.03567
2533.025,0.002746062992125986,0.87648,0.11943,0.00408
2533.117,0.0027098425196849796,0.8692,0.11472,0.01608
2533.208,0.0026740157480314997,0.78362,0.18057,0.03581
